插入一些元素
此集合的size和capacity分别是64和64
集合元素有: {1, 2, 3, 4, 5, 6, 7, 8, 9, 10, 11, 12, 13, 14, 15, 16, 17, 18, 19, 20, 21, 22, 23, 24, 25, 26, 27, 28, 29, 30, 31, 32, 33, 34, 35, 36, 37, 38, 39, 40, 41, 42, 43, 44, 45, 46, 47, 48, 49, 50, 51, 52, 53, 54, 55, 56, 57, 58, 59, 60, 61, 62, 63, 64}
清除掉所有不是4的倍数的元素（缩小为1/4）
此集合的size和capacity分别是16和32
集合元素有: {4, 8, 12, 16, 20, 24, 28, 32, 36, 40, 44, 48, 52, 56, 60, 64}
32仍在集合中

clear操作后, 
此集合的size和capacity分别是0和16
集合元素有: {}
destroy操作后, 
此集合的size和capacity分别是0和0
集合元素有: {}
清除clear和销毁destroy的区别在于：
前者使元素全都被删除，但数据数组和容量还在
后者使整个集合都不存在，需要重新初始化

初始化四个集合，A={x|x=4k, k为整数，x在0到100间}
B={x|x=7k, k为整数，x在0到100间}
C=A∪B D=A∩B
此集合的size和capacity分别是25和32
集合元素有: {1, 5, 9, 13, 17, 21, 25, 29, 33, 37, 41, 45, 49, 53, 57, 61, 65, 69, 73, 77, 81, 85, 89, 93, 97}
此集合的size和capacity分别是15和16
集合元素有: {1, 8, 15, 22, 29, 36, 43, 50, 57, 64, 71, 78, 85, 92, 99}
此集合的size和capacity分别是36和64
集合元素有: {1, 5, 9, 13, 17, 21, 25, 29, 33, 37, 41, 45, 49, 53, 57, 61, 65, 69, 73, 77, 81, 85, 89, 93, 97, 8, 15, 22, 36, 43, 50, 64, 71, 78, 92, 99}
此集合的size和capacity分别是4和16
集合元素有: {1, 29, 57, 85}
